1000
0 1
0 2
0 3
0 4
0 5
0 6
0 7
0 8
0 9
0 10
0 11
0 12
0 13
0 14
0 15
0 16
0 17
0 18
0 19
0 20
0 21
0 22
0 23
0 24
0 25
0 26
0 27
0 28
0 29
0 30
0 31
0 32
0 33
0 34
0 35
0 36
0 37
0 38
0 39
0 40
0 41
0 42
0 43
0 44
0 45
0 46
0 47
0 48
0 49
0 50
0 51
0 52
0 53
0 54
0 55
0 56
0 57
0 58
0 59
0 60
0 61
0 62
0 63
0 64
0 65
0 66
0 67
0 68
0 69
0 70
0 71
0 72
0 73
0 74
0 75
0 76
0 77
0 78
0 79
0 80
0 81
0 82
0 83
0 84
0 85
0 86
0 87
0 88
0 89
0 90
0 91
0 92
0 93
0 94
0 95
0 96
0 97
0 98
0 99
0 100
0 101
0 102
0 103
0 104
0 105
0 106
0 107
0 108
0 109
0 110
0 111
0 112
0 113
0 114
0 115
0 116
0 117
0 118
0 119
0 120
0 121
0 122
0 123
0 124
0 125
0 126
0 127
0 128
0 129
0 130
0 131
0 132
0 133
0 134
0 135
0 136
0 137
0 138
0 139
0 140
0 141
0 142
0 143
0 144
0 145
0 146
0 147
0 148
0 149
0 150
0 151
0 152
0 153
0 154
0 155
0 156
0 157
0 158
0 159
0 160
0 161
0 162
0 163
0 164
0 165
0 166
0 167
0 168
0 169
0 170
0 171
0 172
0 173
0 174
0 175
0 176
0 177
0 178
0 179
0 180
0 181
0 182
0 183
0 184
0 185
0 186
0 187
0 188
0 189
0 190
0 191
0 192
0 193
0 194
0 195
0 196
0 197
0 198
0 199
0 200
0 201
0 202
0 203
0 204
0 205
0 206
0 207
0 208
0 209
0 210
0 211
0 212
0 213
0 214
0 215
0 216
0 217
0 218
0 219
0 220
0 221
0 222
0 223
0 224
0 225
0 226
0 227
0 228
0 229
0 230
0 231
0 232
0 233
0 234
0 235
0 236
0 237
0 238
0 239
0 240
0 241
0 242
0 243
0 244
0 245
0 246
0 247
0 248
0 249
0 250
0 251
0 252
0 253
0 254
0 255
0 256
0 257
0 258
0 259
0 260
0 261
0 262
0 263
0 264
0 265
0 266
0 267
0 268
0 269
0 270
0 271
0 272
0 273
0 274
0 275
0 276
0 277
0 278
0 279
0 280
0 281
0 282
0 283
0 284
0 285
0 286
0 287
0 288
0 289
0 290
0 291
0 292
0 293
0 294
0 295
0 296
0 297
0 298
0 299
0 300
0 301
0 302
0 303
0 304
0 305
0 306
0 307
0 308
0 309
0 310
0 311
0 312
0 313
0 314
0 315
0 316
0 317
0 318
0 319
0 320
0 321
0 322
0 323
0 324
0 325
0 326
0 327
0 328
0 329
0 330
0 331
0 332
0 333
0 334
0 335
0 336
0 337
0 338
0 339
0 340
0 341
0 342
0 343
0 344
0 345
0 346
0 347
1 48
1 53
1 54
1 73
1 88
1 92
1 119
1 126
1 133
1 194
1 236
1 280
1 299
1 315
1 322
1 346
2 20
2 115
2 116
2 149
2 226
2 312
2 326
2 333
2 343
3 9
3 25
3 26
3 67
3 72
3 85
3 122
3 142
3 170
3 188
3 200
3 228
3 274
3 280
3 283
3 323
4 78
4 152
4 181
4 195
4 218
4 273
4 275
4 306
4 328
5 87
5 122
5 156
5 158
5 169
5 180
5 187
5 204
5 213
5 235
5 315
5 316
6 89
6 95
6 147
6 219
6 319
7 22
7 31
7 38
7 65
7 87
7 103
7 129
7 136
7 168
7 213
7 246
7 291
7 304
7 308
7 315
7 322
7 339
7 340
7 347
8 91
8 110
8 193
8 201
8 245
8 259
8 264
9 21
9 25
9 26
9 30
9 56
9 66
9 67
9 69
9 72
9 75
9 79
9 85
9 105
9 113
9 119
9 122
9 128
9 133
9 134
9 141
9 142
9 148
9 156
9 161
9 169
9 170
9 176
9 185
9 186
9 188
9 199
9 200
9 203
9 224
9 231
9 232
9 252
9 258
9 271
9 272
9 276
9 277
9 280
9 285
9 291
9 295
9 297
9 304
9 315
9 322
9 323
9 329
9 334
9 341
9 342
10 67
10 142
10 169
10 200
10 277
10 285
10 291
10 323
10 332
13 21
13 26
13 56
13 59
13 65
13 67
13 82
13 98
13 109
13 118
13 119
13 148
13 172
13 188
13 199
13 211
13 223
13 236
13 238
13 239
13 252
13 261
13 265
13 271
13 277
13 304
13 313
13 325
13 332
13 342
14 20
14 28
14 41
14 115
14 116
14 144
14 149
14 151
14 214
14 226
14 310
14 312
14 326
14 343
16 29
16 82
16 118
16 172
16 261
16 329
16 331
16 332
17 19
17 41
17 111
17 115
17 116
17 137
17 140
17 144
17 214
17 310
17 312
17 326
19 41
19 89
19 112
19 115
19 138
19 174
19 175
19 214
19 227
19 289
19 293
19 312
19 319
19 343
20 41
20 44
20 111
20 115
20 149
20 162
20 214
20 226
20 312
20 326
20 333
20 343
21 25
21 26
21 31
21 39
21 40
21 55
21 56
21 66
21 67
21 88
21 98
21 104
21 105
21 108
21 109
21 119
21 121
21 122
21 123
21 127
21 134
21 136
21 142
21 159
21 161
21 165
21 169
21 170
21 184
21 186
21 188
21 197
21 200
21 203
21 212
21 223
21 232
21 235
21 236
21 239
21 248
21 251
21 252
21 271
21 272
21 274
21 277
21 280
21 281
21 284
21 297
21 304
21 308
21 313
21 315
21 322
21 323
21 325
21 332
21 334
21 342
21 345
22 87
22 158
22 168
22 185
22 277
22 308
22 324
22 339
22 347
23 51
23 61
23 83
23 99
23 116
23 124
23 144
23 155
23 175
23 190
23 227
23 230
23 237
23 240
23 245
23 267
24 53
24 57
24 80
24 92
24 94
24 101
24 180
24 187
24 194
24 242
24 249
24 266
24 299
24 302
24 346
25 26
25 31
25 39
25 40
25 51
25 56
25 65
25 67
25 69
25 72
25 73
25 76
25 79
25 83
25 84
25 88
25 94
25 98
25 103
25 104
25 105
25 113
25 119
25 122
25 130
25 141
25 148
25 158
25 169
25 170
25 176
25 185
25 186
25 188
25 199
25 200
25 203
25 221
25 224
25 231
25 232
25 236
25 237
25 239
25 246
25 252
25 257
25 270
25 271
25 272
25 276
25 277
25 280
25 283
25 285
25 288
25 290
25 291
25 297
25 322
25 323
25 325
25 331
25 332
25 336
26 40
26 55
26 56
26 62
26 66
26 67
26 69
26 72
26 79
26 98
26 104
26 109
26 113
26 118
26 119
26 122
26 123
26 128
26 133
26 134
26 141
26 142
26 158
26 161
26 169
26 170
26 172
26 176
26 185
26 186
26 188
26 199
26 200
26 203
26 212
26 223
26 224
26 232
26 236
26 239
26 248
26 252
26 257
26 265
26 271
26 276
26 277
26 280
26 285
26 291
26 295
26 297
26 298
26 304
26 308
26 313
26 315
26 322
26 323
26 325
26 332
26 334
27 54
27 119
27 324
27 329
28 41
28 115
28 116
28 140
28 144
28 149
28 151
28 226
28 310
28 312
28 326
29 40
29 82
29 106
29 118
29 172
29 203
29 211
29 231
29 247
29 252
29 338
30 48
30 56
30 73
30 178
30 188
30 200
30 213
30 224
30 236
30 271
30 303
30 304
30 322
30 329
30 331
31 51
31 67
31 83
31 84
31 109
31 122
31 129
31 142
31 168
31 200
31 237
31 252
31 277
31 280
31 291
31 304
31 308
31 338
31 339
32 93
32 137
32 167
32 310
32 337
33 42
34 173
34 348
34 414
34 428
35 143
36 108
36 127
36 135
36 184
36 197
36 251
36 281
36 284
36 309
36 320
38 117
38 141
38 178
38 248
38 322
38 332
38 339
39 69
39 105
39 119
39 121
39 141
39 161
39 165
39 200
39 257
39 277
39 280
39 313
40 56
40 67
40 72
40 77
40 113
40 132
40 133
40 141
40 142
40 158
40 169
40 172
40 199
40 200
40 203
40 212
40 213
40 224
40 231
40 232
40 239
40 257
40 258
40 265
40 271
40 272
40 274
40 277
40 280
40 298
40 304
40 307
40 315
40 317
40 322
40 325
40 329
40 332
40 334
41 44
41 93
41 111
41 115
41 116
41 137
41 140
41 144
41 151
41 214
41 226
41 230
41 243
41 310
41 312
41 326
41 337
41 343
44 111
44 312
44 343
45 67
45 104
45 122
45 132
45 142
45 186
45 200
45 221
45 303
45 322
45 345
46 143
46 175
46 177
46 278
47 301
48 53
48 54
48 57
48 73
48 80
48 88
48 119
48 126
48 130
48 180
48 199
48 203
48 271
48 299
48 302
48 320
48 322
48 330
48 332
49 192
49 241
49 255
50 109
50 113
50 119
50 146
50 148
50 203
50 277
50 314
50 331
50 334
51 83
51 84
51 237
52 192
53 54
53 88
53 92
53 94
53 101
53 130
53 146
53 180
53 191
53 194
53 196
53 204
53 213
53 242
53 248
53 249
53 254
53 260
53 266
53 299
53 302
53 315
53 317
53 322
53 330
53 332
53 346
54 119
54 313
54 329
55 56
55 67
55 104
55 122
55 123
55 170
55 185
55 186
55 200
55 203
55 239
55 252
55 261
55 277
56 59
56 60
56 62
56 63
56 66
56 67
56 72
56 75
56 82
56 88
56 98
56 103
56 104
56 109
56 113
56 118
56 119
56 122
56 128
56 132
56 134
56 136
56 141
56 142
56 161
56 169
56 170
56 172
56 185
56 186
56 188
56 199
56 200
56 203
56 207
56 211
56 212
56 213
56 221
56 222
56 223
56 231
56 232
56 238
56 239
56 252
56 261
56 265
56 271
56 272
56 276
56 277
56 285
56 290
56 291
56 297
56 298
56 303
56 304
56 313
56 315
56 322
56 323
56 325
56 331
56 332
56 334
56 341
56 342
57 80
57 92
57 108
57 184
57 204
57 213
57 242
57 249
57 277
57 302
57 320
57 346
58 107
58 171
58 269
59 82
59 98
59 118
59 172
59 186
59 203
59 211
59 238
59 239
59 250
59 252
59 261
59 268
59 271
59 325
59 342
60 158
60 239
60 285
60 291
60 313
60 322
61 193
62 67
62 96
62 98
62 122
62 130
62 133
62 141
62 142
62 161
62 170
62 186
62 199
62 200
62 223
62 224
62 236
62 239
62 261
62 276
62 318
62 322
62 323
62 341
63 261
63 271
63 313
63 342
64 100
64 119
64 150
64 171
64 189
64 217
65 82
65 118
65 203
65 252
65 261
65 297
65 314
65 339
66 67
66 113
66 122
66 134
66 142
66 239
66 252
66 304
66 308
66 334
67 69
67 72
67 75
67 79
67 82
67 98
67 104
67 109
67 113
67 118
67 119
67 122
67 123
67 128
67 134
67 136
67 141
67 142
67 156
67 158
67 161
67 169
67 170
67 185
67 186
67 188
67 196
67 199
67 200
67 203
67 212
67 213
67 223
67 224
67 236
67 239
67 248
67 252
67 261
67 265
67 271
67 272
67 277
67 280
67 285
67 290
67 297
67 303
67 304
67 308
67 313
67 315
67 322
67 323
67 324
67 325
67 332
67 334
67 342
67 344
67 345
68 99
68 143
68 175
68 177
68 225
68 227
68 263
68 296
69 105
69 121
69 236
69 304
70 230
71 230
71 307
72 113
72 132
72 141
72 165
72 172
72 199
72 200
72 212
72 232
72 239
72 252
72 271
72 272
72 291
72 298
72 329
73 88
73 126
73 130
73 299
73 331
75 85
75 170
75 188
75 200
75 258
75 272
75 274
75 304
75 322
75 323
76 270
77 117
77 231
77 294
77 332
78 181
78 195
78 218
78 273
78 275
78 306
78 328
79 119
79 185
79 188
79 200
79 252
79 271
79 272
80 88
80 92
80 94
80 101
80 173
80 180
80 187
80 194
80 204
80 213
80 242
80 249
80 266
80 299
80 300
80 315
80 320
80 330
80 346
81 269
81 286
82 84
82 98
82 118
82 119
82 121
82 123
82 148
82 158
82 169
82 170
82 172
82 199
82 203
82 211
82 222
82 231
82 238
82 252
82 261
82 268
82 271
82 313
82 314
82 318
82 325
82 331
83 84
83 237
84 224
84 236
84 237
84 265
84 276
84 304
84 313
85 156
85 170
85 176
85 188
85 258
85 271
85 272
85 274
85 322
85 323
86 175
86 177
86 225
86 227
86 278
87 136
87 161
87 213
87 246
87 291
87 308
87 315
87 322
87 339
88 106
88 126
88 130
88 164
88 178
88 186
88 236
88 242
88 303
88 322
88 336
89 95
89 147
89 219
89 319
89 327
90 179
91 110
91 193
91 201
91 245
91 259
91 264
92 94
92 101
92 180
92 187
92 194
92 196
92 204
92 242
92 249
92 254
92 266
92 299
92 302
92 330
92 346
93 111
93 137
93 167
93 310
93 337
94 101
94 180
94 187
94 194
94 204
94 242
94 249
94 254
94 266
94 299
94 300
94 302
94 315
94 320
94 330
94 346
95 147
95 319
95 327
96 133
96 190
96 213
96 224
96 274
96 314
96 323
97 182
97 230
98 103
98 104
98 109
98 113
98 118
98 119
98 122
98 123
98 128
98 141
98 148
98 170
98 172
98 186
98 199
98 200
98 203
98 211
98 223
98 238
98 239
98 252
98 258
98 261
98 265
98 271
98 272
98 276
98 277
98 280
98 285
98 291
98 304
98 313
98 315
98 325
98 331
98 332
98 342
99 102
99 131
99 143
99 175
99 177
99 225
99 227
99 263
99 278
99 296
100 119
100 150
100 163
100 189
100 217
100 269
100 323
101 180
101 187
101 194
101 204
101 242
101 249
101 254
101 266
101 299
101 302
101 317
101 330
101 346
102 175
102 227
102 263
102 296
103 136
103 169
103 172
103 185
103 200
103 211
103 252
103 271
103 285
103 323
103 339
104 109
104 113
104 122
104 123
104 128
104 142
104 169
104 186
104 188
104 200
104 203
104 212
104 239
104 252
104 271
104 277
104 295
104 303
104 318
104 322
104 325
104 332
104 344
105 119
105 148
105 236
105 257
105 272
105 277
105 280
105 315
106 169
106 231
106 238
106 329
106 332
107 171
107 348
107 353
107 363
107 366
107 376
107 389
107 414
107 420
107 428
107 475
107 483
107 484
107 517
107 526
107 538
107 563
107 566
107 580
107 596
107 601
107 606
107 629
107 637
107 641
107 649
107 651
107 896
107 897
107 898
107 899
107 900
107 901
107 902
107 903
107 904
107 905
107 906
107 907
107 908
107 909
107 910
107 911
107 912
107 913
107 914
107 915
107 916
107 917
107 918
107 919
107 920
107 921
107 922
107 923
107 924
107 925
107 926
107 927
107 928
107 929
107 930
107 931
107 932
107 933
107 934
107 935
107 936
107 937
107 938
107 939
107 940
107 941
107 942
107 943
107 944
107 945
107 946
107 947
107 948
107 949
107 950
107 951
107 952
107 953
107 954
107 955
107 956
107 957
107 958
107 959
107 960
107 961
107 962
107 963
107 964
107 965
107 966
107 967
107 968
107 969
107 970
107 971
107 972
107 973
107 974
107 975
107 976
107 977
107 978
107 979
107 980
107 981
107 982
107 983
107 984
107 985
107 986
107 987
107 988
107 989
107 990
107 991
107 992
107 993
107 994
107 995
107 996
107 997
107 998
107 999
108 127
108 159
108 184
108 197
108 251
108 272
108 281
108 284
108 320
109 118
109 119
109 122
109 142
109 148
109 158
109 169
109 186
109 200
109 203
109 229
109 239
109 252
109 271
109 277
109 285
109 295
109 297
109 303
109 304
109 314
109 322
109 323
109 324
109 325
109 331
109 332
110 259
110 264
111 137
111 214
111 279
111 310
111 312
111 326
111 337
111 343
112 174
113 119
113 121
113 122
113 132
113 134
113 142
113 148
113 158
113 165
113 169
113 172
113 186
113 188
113 199
113 200
113 203
113 239
113 252
113 261
113 271
113 277
113 285
113 291
113 304
113 313
113 325
113 334
113 342
115 116
115 137
115 140
115 144
115 149
115 192
115 214
115 220
115 226
115 262
115 312
115 326
115 343
116 140
116 144
116 149
116 162
116 214
116 226
116 312
116 326
116 343
117 231
117 280
117 285
118 134
118 161
118 172
118 199
118 200
118 203
118 211
118 222
118 238
118 239
118 252
118 261
118 265
118 268
118 271
118 277
118 283
118 304
118 313
118 322
118 324
118 325
118 331
118 342
119 122
119 125
119 128
119 132
119 146
119 148
119 150
119 163
119 170
119 171
119 176
119 185
119 188
119 189
119 199
119 200
119 203
119 208
119 217
119 229
119 239
119 248
119 252
119 261
119 269
119 271
119 277
119 280
119 285
119 297
119 313
119 318
119 323
119 324
119 325
119 329
119 331
119 332
119 339
119 342
120 136
120 247
120 277
121 165
121 169
121 206
121 236
121 280
121 315
122 123
122 128
122 136
122 141
122 142
122 156
122 161
122 169
122 170
122 176
122 186
122 188
122 200
122 203
122 213
122 224
122 232
122 235
122 236
122 239
122 248
122 251
122 252
122 261
122 271
122 272
122 274
122 276
122 277
122 280
122 281
122 284
122 285
122 297
122 303
122 304
122 315
122 322
122 323
122 325
122 332
122 342
122 344
122 345
123 142
123 186
123 200
123 239
123 252
123 261
123 318
123 334
123 342
124 157
124 170
125 136
125 169
126 260
126 322
127 135
127 139
127 159
127 184
127 197
127 251
127 272
127 281
127 284
127 309
127 320
127 346
128 150
128 169
128 170
128 172
128 176
128 186
128 199
128 203
128 211
128 213
128 223
128 248
128 252
128 265
128 271
128 313
128 315
128 322
128 334
129 168
129 291
129 339
129 347
130 191
130 204
130 213
130 257
130 277
130 300
130 322
130 329
130 346
131 143
131 177
131 225
131 227
131 278
132 134
132 158
132 242
132 277
132 303
132 311
132 315
132 317
132 334
133 141
133 183
133 188
133 224
133 232
133 236
133 271
133 276
133 280
133 315
133 322
134 142
134 199
134 203
134 238
134 248
134 252
134 277
134 304
134 334
135 184
135 197
135 251
135 281
135 284
135 309
135 320
136 146
136 156
136 169
136 213
136 246
136 285
136 304
136 308
136 315
136 322
136 324
136 339
137 140
137 167
137 214
137 243
137 289
137 310
137 312
137 326
137 337
139 159
139 184
139 197
139 251
139 281
139 284
139 320
140 144
140 214
140 312
140 326
141 172
141 199
141 224
141 236
141 239
141 257
141 258
141 271
141 272
141 276
141 280
141 291
141 304
141 323
142 158
142 161
142 169
142 170
142 186
142 188
142 200
142 203
142 236
142 239
142 252
142 271
142 277
142 280
142 285
142 297
142 303
142 308
142 315
142 322
142 323
142 332
142 334
142 345
143 175
143 177
143 225
143 227
143 278
143 321
144 149
144 151
144 226
144 312
144 326
144 343
145 179
146 148
146 285
146 313
146 317
146 339
147 219
147 319
148 176
148 185
148 224
148 229
148 261
148 271
148 272
148 339
149 162
149 226
149 312
149 326
149 333
149 343
150 163
150 171
150 189
150 217
150 324
150 329
151 310
151 312
152 181
152 275
152 339
153 280
154 219
155 157
156 188
156 235
156 258
156 272
156 295
158 168
158 232
158 242
158 248
158 291
158 304
158 315
158 317
158 322
158 325
158 332
158 339
159 172
159 184
159 197
159 272
159 277
159 281
159 284
159 320
159 345
160 260
161 199
161 203
161 213
161 252
161 258
161 271
161 277
161 304
161 308
161 314
161 322
161 325
161 339
162 312
162 326
162 333
162 343
163 173
163 249
164 285
165 169
165 188
165 200
165 334
165 342
166 173
166 198
166 202
167 243
167 310
167 337
168 277
168 291
168 304
168 339
168 347
169 185
169 236
169 239
169 248
169 252
169 257
169 271
169 277
169 280
169 291
169 315
169 318
169 322
169 332
169 334
170 176
170 185
170 186
170 188
170 200
170 203
170 211
170 223
170 239
170 250
170 252
170 260
170 268
170 271
170 274
170 277
170 285
170 290
170 304
170 313
170 315
170 322
170 323
170 332
170 334
170 341
170 342
171 189
171 217
171 904
172 199
172 203
172 211
172 212
172 223
172 231
172 232
172 238
172 239
172 252
172 261
172 265
172 268
172 271
172 277
172 298
172 304
172 308
172 313
172 325
172 329
172 331
172 332
172 342
173 202
173 348
173 414
173 427
173 464
173 549
173 649
174 293
175 177
175 225
175 227
175 263
175 277
175 278
175 296
175 321
176 188
176 239
176 271
176 290
177 225
177 227
177 278
178 186
178 206
178 213
178 231
178 272
178 303
178 322
178 329
178 345
180 187
180 194
180 196
180 204
180 242
180 249
180 254
180 266
180 299
180 302
180 346
181 195
181 218
181 273
181 275
181 306
181 328
182 253
184 197
184 251
184 272
184 281
184 284
184 309
184 320
184 329
184 346
185 188
185 200
185 271
185 272
185 274
185 280
185 285
185 290
185 297
185 315
185 322
185 344
186 188
186 199
186 200
186 203
186 213
186 221
186 222
186 223
186 236
186 239
186 252
186 271
186 272
186 277
186 285
186 303
186 322
186 323
186 325
186 331
186 341
186 345
187 194
187 242
187 249
187 254
187 266
187 299
187 302
187 346
188 200
188 208
188 223
188 224
188 239
188 252
188 258
188 271
188 272
188 274
188 277
188 280
188 285
188 290
188 291
188 297
188 304
188 315
188 322
188 323
188 334
188 341
188 342
189 217
190 229
192 205
193 259
194 196
194 204
194 242
194 249
194 254
194 266
194 299
194 302
194 346
195 218
195 273
195 275
195 306
195 328
196 204
196 249
196 254
196 266
196 285
196 330
196 346
197 251
197 272
197 281
197 284
197 309
197 320
197 329
198 348
198 351
198 364
198 393
198 399
198 441
198 476
198 501
198 549
198 564
199 200
199 203
199 211
199 212
199 222
199 223
199 231
199 232
199 238
199 239
199 252
199 261
199 265
199 271
199 288
199 291
199 298
199 304
199 313
199 314
199 315
199 322
199 324
199 325
199 342
200 203
200 223
200 224
200 232
200 236
200 239
200 248
200 252
200 271
200 274
200 276
200 277
200 280
200 285
200 297
200 304
200 322
200 323
200 324
200 325
200 332
200 334
201 259
202 329
203 211
203 223
203 238
203 239
203 261
203 265
203 268
203 270
203 271
203 272
203 277
203 285
203 297
203 304
203 308
203 313
203 315
203 322
203 324
203 325
203 331
203 332
203 334
203 338
203 341
203 342
204 213
204 242
204 249
204 254
204 266
204 277
204 302
204 329
204 330
204 346
206 260
207 322
208 277
208 285
208 291
208 332
211 222
211 223
211 238
211 239
211 261
211 265
211 268
211 271
211 272
211 285
211 304
211 313
211 315
211 325
211 331
211 342
212 232
212 239
212 252
212 271
212 295
212 298
212 304
212 344
213 224
213 231
213 236
213 239
213 242
213 246
213 249
213 272
213 277
213 285
213 291
213 303
213 308
213 315
213 322
213 324
213 332
213 340
213 345
214 230
214 289
214 312
214 326
214 333
214 343
216 243
217 324
218 273
218 275
218 306
218 328
219 319
220 262
220 312
221 285
221 303
221 322
222 238
222 240
222 313
222 325
223 239
223 246
223 252
223 261
223 265
223 271
223 313
223 315
223 325
223 342
224 232
224 236
224 261
224 271
224 276
224 291
224 304
224 315
224 322
224 324
224 332
225 227
225 278
226 312
226 326
226 333
226 343
227 263
227 278
227 296
228 283
229 334
230 253
230 307
231 232
231 239
231 280
231 291
231 315
231 329
231 332
232 239
232 271
232 276
232 280
232 285
232 291
232 298
232 322
233 256
234 239
236 248
236 252
236 257
236 271
236 272
236 276
236 280
236 297
236 303
236 304
236 314
236 315
236 318
236 322
238 239
238 252
238 261
238 265
238 271
238 313
238 324
238 325
238 342
239 252
239 261
239 265
239 271
239 272
239 276
239 277
239 280
239 285
239 295
239 303
239 304
239 313
239 322
239 323
239 325
239 338
239 344
242 249
242 254
242 266
242 299
242 302
242 322
242 330
242 346
243 310
243 312
243 337
244 282
245 259
246 285
246 304
246 308
246 315
246 322
246 339
246 340
248 252
248 265
248 277
248 291
248 311
248 323
248 332
249 254
249 266
249 299
249 302
249 304
249 315
249 330
249 346
250 252
250 322
251 281
251 284
251 309
251 320
252 261
252 265
252 271
252 272
252 277
252 280
252 285
252 291
252 297
252 304
252 308
252 313
252 315
252 322
252 324
252 325
252 332
252 334
252 338
252 342
252 345
254 266
254 299
254 302
254 330
254 346
257 258
257 272
257 280
257 295
257 304
257 315
257 322
257 344
258 272
258 291
258 295
258 323
259 264
260 322
260 339
261 265
261 268
261 271
261 285
261 297
261 313
261 314
261 318
261 325
261 342
261 345
262 312
263 296
265 271
265 298
265 311
265 313
265 325
265 331
265 342
266 302
266 330
266 346
268 271
268 325
269 329
271 272
271 276
271 277
271 280
271 285
271 290
271 291
271 297
271 298
271 304
271 313
271 314
271 315
271 318
271 322
271 323
271 325
271 331
271 332
271 342
272 277
272 280
272 281
272 285
272 291
272 297
272 304
272 320
272 329
272 346
273 275
273 306
273 328
274 323
274 341
275 306
275 328
276 322
277 280
277 285
277 290
277 291
277 294
277 304
277 308
277 311
277 315
277 322
277 323
277 324
277 325
277 332
277 334
277 339
277 342
280 290
280 291
280 297
280 304
280 315
280 322
280 323
280 329
280 332
281 284
281 309
281 320
284 309
284 320
284 329
285 303
285 304
285 313
285 315
285 322
285 323
285 332
285 342
285 345
288 315
290 322
290 323
290 342
291 315
291 329
291 332
291 339
297 322
297 323
297 324
299 300
299 302
299 330
299 346
300 320
300 346
301 324
302 315
302 330
302 346
303 315
303 322
303 345
304 308
304 315
304 322
304 324
304 325
304 332
304 334
304 341
304 347
305 312
306 328
308 322
308 323
308 329
308 334
308 338
309 320
310 337
311 325
311 344
312 326
312 343
313 314
313 315
313 325
313 339
313 342
314 342
315 322
315 323
315 324
315 329
315 339
315 345
318 334
319 327
320 329
320 346
322 323
322 329
322 339
322 341
322 342
322 345
323 332
323 341
324 329
324 331
324 332
324 340
325 342
326 343
329 332
330 346
331 332
333 343
334 339
339 340
339 347
348 349
348 350
348 351
348 352
348 353
348 354
348 355
348 356
348 357
348 358
348 359
348 360
348 361
348 362
348 363
348 364
348 365
348 366
348 367
348 368
348 369
348 370
348 371
348 372
348 373
348 374
348 375
348 376
348 377
348 378
348 379
348 380
348 381
348 382
348 383
348 384
348 385
348 386
348 387
348 388
348 389
348 390
348 391
348 392
348 393
348 394
348 395
348 396
348 397
348 398
348 399
348 400
348 401
348 402
348 403
348 404
348 405
348 406
348 407
348 408
348 409
348 410
348 411
348 412
348 413
348 414
348 415
348 416
348 417
348 418
348 419
348 420
348 421
348 422
348 423
348 424
348 425
348 426
348 427
348 428
348 429
348 430
348 431
348 432
348 433
348 434
348 435
348 436
348 437
348 438
348 439
348 440
348 441
348 442
348 443
348 444
348 445
348 446
348 447
348 448
348 449
348 450
348 451
348 452
348 453
348 454
348 455
348 456
348 457
348 458
348 459
348 460
348 461
348 462
348 463
348 464
348 465
348 466
348 467
348 468
348 469
348 470
348 471
348 472
348 473
348 474
348 475
348 476
348 477
348 478
348 479
348 480
348 481
348 482
348 483
348 484
348 485
348 486
348 487
348 488
348 489
348 490
348 491
348 492
348 493
348 494
348 495
348 496
348 497
348 498
348 499
348 500
348 501
348 502
348 503
348 504
348 505
348 506
348 507
348 508
348 509
348 510
348 511
348 512
348 513
348 514
348 515
348 516
348 517
348 518
348 519
348 520
348 521
348 522
348 523
348 524
348 525
348 526
348 527
348 528
348 529
348 530
348 531
348 532
348 533
348 534
348 535
348 536
348 537
348 538
348 539
348 540
348 541
348 542
348 543
348 544
348 545
348 546
348 547
348 548
348 549
348 550
348 551
348 552
348 553
348 554
348 555
348 556
348 557
348 558
348 559
348 560
348 561
348 562
348 563
348 564
348 565
348 566
348 567
348 568
348 569
348 570
348 571
348 572
349 434
349 478
349 508
349 534
350 369
350 384
350 397
350 407
350 419
350 426
350 433
350 455
350 484
350 497
350 504
350 519
350 527
350 528
350 531
350 543
350 546
350 552
350 561
350 563
351 364
351 454
351 564
352 368
352 375
352 394
352 398
352 404
352 408
352 409
352 412
352 431
352 456
352 462
352 479
352 484
352 492
352 493
352 494
352 503
352 517
352 525
352 536
352 538
352 542
353 363
353 366
353 370
353 373
353 376
353 388
353 391
353 394
353 400
353 404
353 408
353 409
353 412
353 417
353 419
353 420
353 428
353 430
353 431
353 432
353 446
353 460
353 462
353 471
353 475
353 482
353 483
353 484
353 487
353 492
353 493
353 496
353 497
353 500
353 503
353 513
353 514
353 515
353 517
353 520
353 524
353 526
353 537
353 538
353 540
353 542
353 544
353 559
353 560
353 561
353 566
353 567
353 580
353 601
353 606
353 637
353 641
353 651
353 930
353 936
353 976
354 355
354 359
354 361
354 376
354 382
354 396
354 397
354 403
354 450
354 452
354 458
354 463
354 470
354 474
354 481
354 489
354 497
354 500
354 507
354 510
354 519
354 531
354 547
354 555
354 557
355 359
355 361
355 367
355 373
355 376
355 382
355 396
355 397
355 402
355 403
355 410
355 412
355 418
355 452
355 455
355 460
355 463
355 470
355 474
355 475
355 481
355 489
355 497
355 500
355 510
355 515
355 519
355 528
355 531
355 543
355 546
355 547
355 548
355 553
355 555
355 557
355 565
356 411
356 472
357 369
357 389
357 397
357 419
357 424
357 457
357 459
357 469
357 477
357 486
357 505
357 509
357 516
357 518
357 551
357 554
357 563
359 361
359 367
359 376
359 391
359 396
359 403
359 405
359 422
359 452
359 455
359 470
359 474
359 475
359 481
359 489
359 491
359 530
359 531
359 546
359 547
359 555
359 557
359 562
360 362
360 365
360 370
360 373
360 376
360 387
360 388
360 395
360 402
360 412
360 415
360 417
360 422
360 428
360 432
360 438
360 442
360 444
360 460
360 461
360 463
360 495
360 497
360 506
360 507
360 510
360 513
360 514
360 520
360 523
360 524
360 542
360 543
360 544
360 548
360 553
360 555
360 558
360 561
360 565
360 567
360 570
361 376
361 396
361 405
361 450
361 463
361 470
361 474
361 475
361 481
361 489
361 500
361 519
361 530
361 531
361 547
361 555
361 557
361 562
361 568
362 371
362 373
362 412
362 413
362 415
362 445
362 460
362 463
362 473
362 482
362 492
362 495
362 535
362 542
362 558
362 560
362 570
363 366
363 367
363 368
363 370
363 373
363 374
363 376
363 378
363 385
363 388
363 402
363 409
363 412
363 414
363 417
363 419
363 432
363 436
363 444
363 455
363 461
363 463
363 475
363 481
363 482
363 483
363 484
363 487
363 492
363 493
363 497
363 500
363 506
363 507
363 514
363 515
363 517
363 521
363 524
363 525
363 526
363 527
363 538
363 542
363 544
363 553
363 559
363 561
363 565
363 566
363 580
363 591
363 606
363 637
363 651
363 656
363 669
363 936
363 976
364 393
364 399
364 441
364 476
364 501
364 564
365 408
365 513
365 520
365 556
366 368
366 373
366 374
366 376
366 378
366 391
366 394
366 395
366 400
366 402
366 404
366 408
366 412
366 417
366 428
366 430
366 431
366 434
366 436
366 438
366 446
366 460
366 475
366 482
366 483
366 484
366 492
366 493
366 496
366 497
366 503
366 513
366 514
366 515
366 517
366 520
366 524
366 526
366 538
366 539
366 542
366 544
366 548
366 553
366 555
366 559
366 566
366 580
366 606
366 637
366 651
366 930
366 936
366 976
367 373
367 376
367 378
367 391
367 396
367 403
367 412
367 416
367 422
367 452
367 455
367 474
367 475
367 481
367 483
367 489
367 490
367 491
367 502
367 504
367 519
367 525
367 546
367 547
367 548
367 553
367 555
367 566
368 371
368 374
368 375
368 378
368 395
368 398
368 404
368 408
368 409
368 412
368 416
368 419
368 431
368 456
368 462
368 479
368 493
368 494
368 497
368 500
368 503
368 517
368 521
368 525
368 526
368 527
368 536
368 538
368 553
368 559
369 378
369 380
369 381
369 389
369 397
369 407
369 419
369 424
369 433
369 435
369 442
369 455
369 457
369 469
369 477
369 486
369 509
369 516
369 518
369 551
369 554
369 561
369 563
370 373
370 374
370 376
370 378
370 387
370 388
370 392
370 395
370 397
370 402
370 412
370 413
370 414
370 415
370 416
370 417
370 419
370 420
370 423
370 428
370 430
370 431
370 432
370 436
370 438
370 439
370 451
370 452
370 456
370 458
370 460
370 461
370 465
370 469
370 471
370 475
370 483
370 492
370 497
370 506
370 507
370 514
370 515
370 520
370 523
370 524
370 525
370 527
370 540
370 542
370 544
370 548
370 553
370 555
370 559
370 561
370 563
370 565
370 566
370 567
370 591
370 604
370 645
370 646
370 666
370 669
370 683
371 460
371 542
372 410
372 421
372 422
372 429
372 444
372 455
372 460
372 530
372 531
372 539
372 543
372 545
372 547
372 558
372 568
372 570
373 374
373 376
373 378
373 387
373 388
373 390
373 391
373 392
373 395
373 397
373 400
373 402
373 408
373 412
373 413
373 414
373 417
373 421
373 423
373 425
373 428
373 431
373 434
373 436
373 438
373 439
373 446
373 450
373 456
373 460
373 461
373 463
373 465
373 471
373 473
373 475
373 483
373 491
373 492
373 496
373 497
373 498
373 500
373 502
373 506
373 507
373 513
373 514
373 515
373 517
373 520
373 523
373 524
373 525
373 527
373 528
373 542
373 544
373 545
373 546
373 548
373 553
373 556
373 558
373 559
373 561
373 563
373 565
373 566
373 567
373 580
373 587
373 590
373 591
373 604
373 606
373 614
373 634
373 637
373 641
373 645
373 651
373 669
373 680
373 683
374 376
374 378
374 391
374 402
374 412
374 414
374 417
374 418
374 419
374 420
374 430
374 431
374 432
374 438
374 439
374 444
374 451
374 456
374 460
374 461
374 463
374 465
374 475
374 482
374 483
374 488
374 492
374 496
374 497
374 500
374 504
374 506
374 507
374 510
374 513
374 514
374 515
374 517
374 520
374 521
374 523
374 524
374 525
374 526
374 527
374 535
374 544
374 545
374 553
374 556
374 559
374 561
374 563
374 565
374 566
374 567
374 569
374 570
374 591
374 614
374 669
374 683
375 398
375 404
375 408
375 409
375 431
375 456
375 479
375 484
375 493
375 494
375 503
375 525
375 526
375 538
376 378
376 387
376 388
376 390
376 391
376 394
376 395
376 396
376 397
376 400
376 402
376 405
376 410
376 412
376 413
376 414
376 417
376 419
376 420
376 423
376 426
376 428
376 431
376 432
376 434
376 436
376 438
376 439
376 442
376 444
376 446
376 450
376 452
376 456
376 458
376 460
376 461
376 463
376 465
376 471
376 473
376 475
376 481
376 482
376 483
376 487
376 488
376 489
376 490
376 491
376 492
376 496
376 497
376 500
376 502
376 506
376 507
376 511
376 513
376 514
376 515
376 517
376 519
376 520
376 523
376 524
376 525
376 526
376 527
376 531
376 538
376 542
376 544
376 545
376 546
376 547
376 548
376 553
376 555
376 556
376 557
376 559
376 561
376 563
376 566
376 567
376 570
376 580
376 586
376 587
376 591
376 604
376 606
376 610
376 614
376 634
376 637
376 645
376 646
376 651
376 652
376 669
376 673
376 676
376 683
377 383
378 391
378 394
378 400
378 412
378 414
378 417
378 423
378 426
378 428
378 431
378 434
378 436
378 452
378 456
378 461
378 465
378 471
378 475
378 482
378 483
378 484
378 487
378 488
378 492
378 495
378 496
378 497
378 500
378 502
378 506
378 513
378 514
378 515
378 517
378 524
378 527
378 542
378 544
378 553
378 559
378 561
378 563
378 566
378 580
378 591
378 604
378 614
378 637
378 641
378 651
378 669
378 676
379 532
380 389
380 424
380 457
380 486
380 505
380 509
380 516
380 518
380 554
381 389
381 419
381 424
381 457
381 469
381 486
381 509
381 516
381 551
381 554
382 403
382 410
382 452
382 470
382 474
382 500
382 531
382 547
382 555
383 387
384 464
384 552
385 423
385 436
385 461
385 483
385 507
385 524
386 401
386 532
387 395
387 400
387 402
387 406
387 408
387 412
387 415
387 417
387 428
387 436
387 438
387 444
387 461
387 465
387 503
387 506
387 507
387 513
387 514
387 517
387 520
387 523
387 524
387 525
387 544
387 556
387 559
387 561
387 567
387 570
388 400
388 404
388 412
388 415
388 421
388 438
388 444
388 445
388 450
388 452
388 463
388 465
388 475
388 483
388 487
388 492
388 493
388 496
388 497
388 500
388 503
388 507
388 513
388 523
388 537
388 544
388 548
388 557
388 559
388 566
388 567
389 397
389 419
389 424
389 435
389 457
389 459
389 469
389 486
389 497
389 505
389 509
389 516
389 518
389 551
389 554
389 949
390 450
390 475
390 539
391 394
391 400
391 412
391 414
391 417
391 423
391 428
391 431
391 438
391 446
391 456
391 458
391 460
391 465
391 475
391 482
391 483
391 484
391 487
391 488
391 490
391 491
391 492
391 493
391 497
391 500
391 502
391 503
391 506
391 512
391 513
391 514
391 515
391 517
391 524
391 525
391 527
391 539
391 544
391 548
391 553
391 556
391 559
391 561
391 563
391 566
391 567
391 580
391 591
391 614
391 637
391 669
392 394
392 404
392 412
392 423
392 428
392 430
392 431
392 436
392 456
392 460
392 465
392 473
392 475
392 482
392 483
392 487
392 492
392 493
392 497
392 500
392 503
392 506
392 514
392 515
392 525
392 527
392 537
392 538
392 542
392 553
392 556
392 559
392 560
392 561
392 566
392 567
393 399
393 441
393 501
393 564
394 398
394 400
394 408
394 414
394 436
394 438
394 475
394 479
394 488
394 492
394 503
394 511
394 512
394 513
394 515
394 517
394 520
394 538
394 542
394 544
394 556
394 559
394 566
394 601
394 614
394 620
394 676
394 683
395 398
395 400
395 402
395 404
395 408
395 412
395 413
395 414
395 417
395 419
395 421
395 422
395 423
395 425
395 428
395 430
395 431
395 436
395 438
395 451
395 452
395 456
395 460
395 461
395 463
395 465
395 471
395 479
395 483
395 488
395 495
395 497
395 506
395 507
395 511
395 512
395 513
395 514
395 515
395 517
395 520
395 523
395 524
395 525
395 527
395 536
395 537
395 538
395 542
395 544
395 545
395 553
395 556
395 559
395 560
395 561
395 567
395 574
395 591
395 601
395 604
395 614
395 620
395 630
395 637
395 645
395 669
395 678
395 683
396 403
396 410
396 422
396 450
396 470
396 474
396 475
396 481
396 489
396 500
396 510
396 519
396 531
396 546
396 547
396 548
396 555
396 557
396 568
396 570
397 402
397 418
397 419
397 420
397 421
397 422
397 426
397 432
397 439
397 444
397 449
397 457
397 458
397 469
397 477
397 481
397 483
397 485
397 504
397 506
397 507
397 509
397 510
397 513
397 514
397 516
397 518
397 523
397 531
397 541
397 543
397 544
397 546
397 554
397 557
397 563
397 570
398 404
398 408
398 409
398 412
398 430
398 431
398 445
398 456
398 462
398 479
398 484
398 488
398 493
398 494
398 497
398 503
398 511
398 512
398 517
398 525
398 526
398 527
398 536
398 538
398 545
398 559
398 561
399 441
399 476
399 501
399 564
400 404
400 408
400 409
400 412
400 414
400 415
400 417
400 419
400 420
400 421
400 428
400 431
400 432
400 434
400 436
400 438
400 444
400 445
400 456
400 461
400 465
400 475
400 482
400 484
400 487
400 488
400 492
400 493
400 497
400 500
400 503
400 506
400 511
400 512
400 513
400 514
400 515
400 517
400 524
400 525
400 537
400 538
400 539
400 542
400 544
400 553
400 556
400 559
400 561
400 566
400 567
400 580
400 591
400 601
400 606
400 614
400 637
400 641
400 651
400 669
400 676
400 683
402 412
402 413
402 415
402 417
402 421
402 422
402 425
402 428
402 432
402 436
402 438
402 444
402 451
402 458
402 460
402 463
402 465
402 475
402 482
402 493
402 495
402 497
402 500
402 506
402 507
402 508
402 513
402 514
402 515
402 517
402 520
402 523
402 524
402 542
402 543
402 544
402 545
402 553
402 558
402 559
402 561
402 563
402 566
402 567
402 570
403 452
403 458
403 470
403 475
403 489
403 497
403 510
403 515
403 519
403 546
403 547
403 553
403 555
404 408
404 409
404 415
404 419
404 421
404 428
404 431
404 440
404 444
404 445
404 452
404 456
404 462
404 465
404 479
404 482
404 483
404 484
404 487
404 493
404 494
404 496
404 500
404 503
404 506
404 511
404 512
404 515
404 525
404 526
404 536
404 537
404 538
404 542
404 545
404 556
404 559
404 560
404 561
404 566
405 418
405 428
405 478
405 513
405 531
405 563
405 568
406 437
406 532
407 426
407 433
407 455
407 458
407 490
407 504
407 510
407 513
407 528
407 533
407 543
407 563
408 409
408 412
408 417
408 419
408 428
408 430
408 431
408 438
408 439
408 440
408 444
408 445
408 456
408 461
408 465
408 473
408 479
408 483
408 484
408 487
408 488
408 493
408 500
408 503
408 511
408 512
408 513
408 514
408 517
408 520
408 524
408 525
408 526
408 536
408 537
408 538
408 545
408 556
408 559
408 560
408 561
409 412
409 419
409 431
409 456
409 460
409 462
409 479
409 487
409 492
409 493
409 494
409 497
409 500
409 503
409 512
409 515
409 517
409 521
409 525
409 526
409 536
409 538
409 542
409 561
410 463
410 474
410 475
410 500
410 547
410 548
410 555
410 557
410 568
411 498
412 414
412 416
412 417
412 418
412 422
412 423
412 428
412 430
412 431
412 432
412 434
412 436
412 438
412 442
412 452
412 455
412 456
412 460
412 461
412 473
412 481
412 482
412 483
412 484
412 487
412 488
412 492
412 493
412 494
412 496
412 500
412 503
412 504
412 506
412 507
412 512
412 513
412 515
412 517
412 520
412 523
412 524
412 525
412 526
412 527
412 528
412 529
412 533
412 537
412 538
412 542
412 544
412 547
412 548
412 549
412 555
412 558
412 559
412 560
412 561
412 565
412 566
412 567
412 569
412 580
412 591
412 593
412 604
412 609
412 614
412 645
412 669
412 676
412 683
413 415
413 445
413 448
413 460
413 461
413 463
413 465
413 473
413 535
413 542
414 422
414 423
414 427
414 428
414 431
414 434
414 436
414 438
414 461
414 465
414 475
414 480
414 483
414 492
414 496
414 500
414 506
414 513
414 514
414 515
414 524
414 542
414 544
414 553
414 556
414 558
414 559
414 561
414 563
414 566
414 567
414 573
414 574
414 575
414 576
414 577
414 578
414 579
414 580
414 581
414 582
414 583
414 584
414 585
414 586
414 587
414 588
414 589
414 590
414 591
414 592
414 593
414 594
414 595
414 596
414 597
414 598
414 599
414 600
414 601
414 602
414 603
414 604
414 605
414 606
414 607
414 608
414 609
414 610
414 611
414 612
414 613
414 614
414 615
414 616
414 617
414 618
414 619
414 620
414 621
414 622
414 623
414 624
414 625
414 626
414 627
414 628
414 629
414 630
414 631
414 632
414 633
414 634
414 635
414 636
414 637
414 638
414 639
414 640
414 641
414 642
414 643
414 644
414 645
414 646
414 647
414 648
414 649
414 650
414 651
414 652
414 653
414 654
414 655
414 656
414 657
414 658
414 659
414 660
414 661
414 662
414 663
414 664
414 665
414 666
414 667
414 668
414 669
414 670
414 671
414 672
414 673
414 674
414 675
414 676
414 677
414 678
414 679
414 680
414 681
414 682
414 683
414 684
414 685
415 421
415 428
415 444
415 445
415 460
415 463
415 465
415 473
415 495
415 520
415 535
415 542
415 545
415 556
415 558
415 563
416 417
416 419
416 430
416 432
416 465
416 483
416 493
416 494
416 497
416 500
416 503
416 537
416 557
416 563
416 567
416 569
417 421
417 428
417 431
417 438
417 444
417 445
417 456
417 460
417 461
417 465
417 475
417 479
417 483
417 492
417 493
417 495
417 497
417 500
417 503
417 506
417 507
417 508
417 511
417 513
417 514
417 515
417 517
417 520
417 523
417 524
417 527
417 537
417 538
417 542
417 544
417 545
417 553
417 556
417 559
417 560
417 561
417 566
417 567
417 570
418 432
418 463
418 465
418 475
418 481
418 497
418 504
418 506
418 510
418 514
418 523
418 544
418 547
418 553
418 555
418 557
418 568
419 422
419 423
419 424
419 428
419 430
419 431
419 440
419 452
419 456
419 469
419 471
419 475
419 483
419 484
419 486
419 487
419 488
419 492
419 493
419 503
419 505
419 513
419 516
419 517
419 518
419 525
419 526
419 527
419 536
419 537
419 538
419 540
419 544
419 551
419 559
419 561
419 565
419 567
420 430
420 432
420 439
420 451
420 465
420 471
420 483
420 484
420 506
420 507
420 513
420 514
420 524
420 537
420 553
420 556
420 563
420 566
420 567
420 569
420 596
420 936
421 444
421 445
421 455
421 457
421 465
421 487
421 493
421 500
421 504
421 543
421 545
421 558
421 563
421 570
422 432
422 438
422 444
422 449
422 455
422 460
422 474
422 481
422 483
422 489
422 497
422 504
422 520
422 523
422 545
422 546
422 547
422 553
422 555
422 561
422 570
422 579
422 584
422 592
422 593
422 596
422 597
422 601
422 604
422 609
422 614
422 617
422 618
422 619
422 620
422 630
422 631
422 636
422 644
422 653
422 654
422 655
422 657
422 663
422 678
422 680
422 682
422 685
423 425
423 428
423 430
423 431
423 436
423 444
423 456
423 461
423 465
423 473
423 475
423 484
423 492
423 497
423 500
423 503
423 506
423 513
423 517
423 523
423 524
423 525
423 527
423 537
423 538
423 553
423 556
423 558
423 559
423 560
423 561
423 567
423 586
423 587
423 591
423 604
423 606
423 614
423 634
423 637
423 645
423 646
423 651
423 669
423 683
424 435
424 457
424 469
424 486
424 505
424 509
424 516
424 518
424 551
424 554
425 427
425 428
425 434
425 439
425 456
425 460
425 477
425 479
425 520
425 523
425 534
425 553
425 563
425 570
426 431
426 455
426 471
426 504
426 510
426 513
426 524
426 525
426 531
426 544
426 546
426 563
427 428
427 464
427 496
427 549
427 563
428 430
428 431
428 432
428 434
428 436
428 438
428 444
428 451
428 452
428 456
428 460
428 461
428 463
428 465
428 473
428 475
428 479
428 482
428 484
428 492
428 497
428 500
428 506
428 507
428 508
428 511
428 512
428 513
428 514
428 515
428 517
428 520
428 523
428 524
428 525
428 526
428 542
428 544
428 545
428 549
428 553
428 558
428 559
428 561
428 563
428 567
428 570
428 591
428 594
428 601
428 604
428 606
428 609
428 614
428 641
428 651
428 667
428 669
428 676
428 683
428 915
428 930
428 962
429 455
429 466
429 481
429 504
429 522
429 529
429 531
429 539
430 432
430 439
430 451
430 456
430 465
430 469
430 471
430 483
430 484
430 493
430 497
430 503
430 514
430 525
430 526
430 537
430 541
430 553
430 559
430 561
430 563
430 566
430 569
431 432
431 434
431 436
431 438
431 440
431 456
431 462
431 465
431 471
431 472
431 475
431 479
431 482
431 483
431 484
431 487
431 492
431 493
431 497
431 500
431 503
431 506
431 507
431 511
431 512
431 513
431 514
431 515
431 517
431 525
431 527
431 536
431 537
431 538
431 545
431 556
431 559
431 561
431 563
431 566
431 606
431 614
431 651
431 669
431 683
432 438
432 439
432 444
432 451
432 452
432 455
432 456
432 460
432 465
432 471
432 475
432 482
432 483
432 497
432 504
432 506
432 507
432 510
432 513
432 514
432 521
432 525
432 527
432 541
432 544
432 545
432 546
432 553
432 555
432 557
432 559
432 561
432 563
432 566
432 569
432 570
432 571
433 455
433 504
433 510
433 528
433 533
433 563
434 436
434 456
434 458
434 475
434 478
434 488
434 490
434 492
434 496
434 497
434 506
434 515
434 517
434 523
434 534
434 559
434 563
434 566
434 580
434 591
434 604
435 459
435 497
435 518
435 551
435 555
435 563
436 438
436 461
436 465
436 475
436 478
436 483
436 484
436 488
436 492
436 496
436 497
436 506
436 507
436 511
436 513
436 517
436 523
436 524
436 525
436 527
436 542
436 553
436 556
436 559
436 561
436 563
436 566
436 580
436 591
436 604
436 606
436 634
436 635
436 637
436 646
436 651
436 652
436 669
436 673
436 683
437 453
437 462
437 463
437 467
437 498
437 499
437 532
437 572
438 444
438 446
438 452
438 456
438 460
438 461
438 465
438 473
438 475
438 483
438 488
438 492
438 493
438 495
438 496
438 497
438 500
438 503
438 506
438 507
438 511
438 513
438 514
438 517
438 520
438 521
438 523
438 524
438 525
438 546
438 548
438 553
438 556
438 559
438 561
438 563
438 566
438 591
438 596
438 604
438 606
438 614
438 634
438 645
438 651
438 669
438 676
438 683
439 442
439 444
439 445
439 451
439 456
439 458
439 461
439 465
439 471
439 473
439 475
439 477
439 487
439 500
439 506
439 507
439 513
439 514
439 517
439 520
439 523
439 525
439 527
439 538
439 542
439 544
439 553
439 561
439 563
439 566
439 567
439 570
440 449
440 456
440 479
440 484
440 493
440 496
440 508
440 525
440 538
441 476
441 501
441 564
442 460
442 475
442 523
442 531
442 544
442 563
443 453
444 445
444 449
444 460
444 473
444 475
444 483
444 487
444 488
444 495
444 500
444 503
444 504
444 506
444 507
444 513
444 517
444 520
444 523
444 531
444 538
444 544
444 545
444 556
444 559
444 570
445 460
445 463
445 465
445 473
445 487
445 492
445 493
445 495
445 500
445 520
445 535
445 542
445 556
445 560
446 475
446 482
446 483
446 487
446 490
446 491
446 492
446 515
446 517
446 539
446 548
448 460
449 480
449 504
449 507
449 543
449 563
450 452
450 463
450 474
450 475
450 481
450 489
450 497
450 500
450 519
450 531
450 539
450 547
450 548
450 557
451 465
451 471
451 493
451 503
451 506
451 507
451 513
451 514
451 544
451 553
451 556
451 561
451 563
451 567
451 569
452 460
452 463
452 465
452 470
452 475
452 489
452 497
452 500
452 506
452 507
452 510
452 513
452 519
452 521
452 531
452 544
452 546
452 547
452 553
452 555
452 557
452 559
452 566
453 468
453 498
454 564
455 466
455 497
455 500
455 504
455 506
455 510
455 522
455 528
455 529
455 531
455 539
455 541
455 543
455 546
455 553
455 557
455 561
455 563
455 565
455 568
455 569
456 460
456 462
456 465
456 473
456 479
456 484
456 493
456 494
456 495
456 496
456 497
456 503
456 506
456 511
456 512
456 513
456 517
456 520
456 523
456 524
456 525
456 527
456 537
456 538
456 545
456 553
456 559
456 561
456 563
456 566
456 567
457 459
457 469
457 477
457 486
457 505
457 509
457 516
457 518
457 551
457 554
457 563
458 469
458 470
458 475
458 482
458 489
458 490
458 496
458 497
458 507
458 510
458 514
458 515
458 545
458 553
458 555
459 486
459 516
459 518
459 551
459 563
460 461
460 463
460 465
460 473
460 475
460 479
460 482
460 492
460 495
460 497
460 506
460 507
460 508
460 514
460 515
460 517
460 520
460 521
460 523
460 524
460 535
460 542
460 543
460 544
460 545
460 547
460 553
460 558
460 559
460 560
460 563
460 566
460 567
460 570
461 463
461 465
461 471
461 475
461 483
461 492
461 497
461 506
461 507
461 513
461 517
461 520
461 523
461 524
461 525
461 527
461 542
461 544
461 548
461 553
461 559
461 561
461 567
461 590
461 591
461 606
461 645
461 653
461 669
461 683
462 487
462 493
462 494
462 512
462 517
462 525
462 532
462 536
462 538
463 473
463 475
463 481
463 483
463 489
463 500
463 504
463 507
463 517
463 519
463 524
463 531
463 535
463 542
463 547
463 555
463 557
463 560
463 570
464 552
465 471
465 473
465 475
465 483
465 484
465 487
465 493
465 495
465 500
465 503
465 506
465 507
465 511
465 513
465 515
465 517
465 524
465 525
465 526
465 535
465 537
465 538
465 542
465 544
465 556
465 557
465 558
465 559
465 561
465 566
465 567
465 569
465 570
465 580
465 591
465 601
465 604
465 614
465 669
465 676
465 683
466 481
466 504
466 522
466 529
466 531
466 539
467 532
467 572
469 486
469 497
469 505
469 516
469 518
469 540
469 551
469 553
469 554
469 563
470 507
470 519
470 531
470 547
470 555
470 562
471 475
471 507
471 513
471 514
471 515
471 524
471 537
471 553
471 559
471 561
471 563
471 566
471 567
471 569
472 533
472 567
473 479
473 483
473 495
473 503
473 515
473 525
473 527
473 535
473 539
473 542
473 556
473 560
473 561
474 475
474 481
474 489
474 500
474 531
474 546
474 547
474 548
474 557
475 481
475 482
475 483
475 484
475 487
475 488
475 489
475 490
475 491
475 492
475 496
475 497
475 500
475 502
475 506
475 507
475 513
475 514
475 515
475 517
475 519
475 521
475 523
475 524
475 525
475 527
475 531
475 542
475 544
475 545
475 546
475 547
475 548
475 553
475 555
475 556
475 557
475 559
475 561
475 563
475 565
475 566
475 567
475 580
475 591
475 604
475 606
475 641
475 651
475 676
475 930
476 501
477 485
477 516
477 518
477 554
477 563
478 496
478 508
478 534
479 483
479 484
479 492
479 493
479 503
479 511
479 512
479 513
479 515
479 517
479 520
479 525
479 527
479 536
479 538
479 542
479 545
479 559
479 561
480 540
480 543
480 563
480 593
481 489
481 504
481 519
481 522
481 531
481 539
481 547
481 555
482 483
482 484
482 496
482 497
482 506
482 507
482 515
482 517
482 525
482 548
482 553
482 556
482 565
483 484
483 487
483 492
483 493
483 494
483 496
483 497
483 500
483 503
483 506
483 507
483 513
483 514
483 515
483 517
483 520
483 524
483 525
483 526
483 527
483 535
483 537
483 538
483 542
483 544
483 553
483 557
483 559
483 560
483 561
483 563
483 566
483 567
483 580
483 591
483 596
483 601
483 604
483 606
483 614
483 637
483 639
483 641
483 651
483 669
483 671
483 896
483 917
483 919
483 930
483 933
483 936
483 942
483 948
483 954
483 962
483 976
483 984
484 493
484 494
484 497
484 500
484 503
484 506
484 511
484 513
484 514
484 515
484 517
484 520
484 525
484 526
484 527
484 536
484 537
484 538
484 544
484 559
484 560
484 566
484 567
484 580
484 606
484 637
484 651
484 913
484 936
484 953
484 968
485 518
485 563
486 505
486 509
486 516
486 551
486 554
487 492
487 493
487 500
487 503
487 513
487 525
487 538
487 556
487 559
488 496
488 497
488 511
488 512
488 513
488 517
488 524
488 527
488 553
488 556
488 559
489 519
489 531
489 535
489 546
489 547
489 555
489 557
490 491
490 502
490 523
490 548
491 502
491 548
492 495
492 497
492 500
492 503
492 506
492 513
492 514
492 515
492 517
492 524
492 537
492 538
492 542
492 544
492 553
492 559
492 560
492 561
492 566
492 567
492 580
492 591
492 604
492 606
492 614
492 637
492 641
492 651
492 669
492 676
493 494
493 497
493 500
493 503
493 507
493 511
493 512
493 514
493 517
493 525
493 526
493 536
493 537
493 538
493 539
493 545
493 556
493 557
493 559
493 560
493 561
493 566
494 497
494 503
494 517
494 526
494 536
494 537
494 538
494 559
494 561
495 507
495 514
495 520
495 542
495 544
495 558
495 570
496 497
496 506
496 507
496 508
496 513
496 514
496 515
496 517
496 523
496 553
496 565
496 566
496 580
496 591
496 637
496 641
496 669
497 500
497 503
497 506
497 507
497 510
497 513
497 515
497 517
497 520
497 523
497 524
497 525
497 526
497 527
497 537
497 538
497 542
497 544
497 545
497 546
497 555
497 557
497 559
497 560
497 561
497 565
497 566
497 567
497 570
498 532
499 532
500 503
500 506
500 507
500 513
500 514
500 517
500 519
500 520
500 521
500 524
500 525
500 527
500 531
500 537
500 538
500 542
500 546
500 547
500 548
500 553
500 555
500 556
500 557
500 560
500 563
500 565
500 566
500 580
500 591
500 601
500 604
500 614
500 637
500 645
500 651
500 683
501 564
502 539
502 548
503 511
503 513
503 514
503 517
503 524
503 525
503 526
503 527
503 537
503 538
503 539
503 542
503 553
503 556
503 557
503 559
503 560
503 561
503 566
503 567
504 506
504 507
504 510
504 513
504 514
504 521
504 522
504 528
504 529
504 531
504 539
504 541
504 543
504 544
504 546
504 547
504 548
504 553
504 555
504 562
504 563
504 570
504 571
505 509
505 516
505 551
505 554
506 507
506 508
506 513
506 514
506 517
506 519
506 520
506 521
506 523
506 524
506 525
506 527
506 537
506 544
506 545
506 553
506 557
506 559
506 561
506 563
506 566
506 591
506 604
506 606
506 610
506 645
507 510
507 513
507 514
507 515
507 517
507 520
507 523
507 524
507 525
507 526
507 544
507 545
507 553
507 556
507 557
507 559
507 561
507 563
507 565
507 566
507 570
508 520
508 534
508 541
508 542
508 544
508 563
509 516
509 518
509 551
509 554
510 513
510 521
510 528
510 533
510 553
510 555
510 563
511 512
511 517
511 525
511 536
511 538
511 545
511 556
511 559
511 561
511 566
512 513
512 515
512 517
512 525
512 526
512 536
512 538
512 545
512 556
512 560
512 561
513 514
513 515
513 517
513 520
513 523
513 524
513 525
513 527
513 537
513 542
513 544
513 553
513 557
513 559
513 561
513 563
513 566
513 567
513 580
513 591
513 601
513 604
513 606
513 610
513 614
513 634
513 637
513 641
513 645
513 646
513 651
513 669
513 683
514 517
514 520
514 524
514 525
514 527
514 537
514 538
514 541
514 544
514 548
514 559
514 561
514 566
514 569
514 570
514 580
514 614
514 669
514 683
515 517
515 519
515 524
515 525
515 527
515 545
515 548
515 553
515 555
515 557
515 559
515 566
515 580
515 591
515 614
515 620
515 637
515 641
515 654
516 518
516 551
516 554
516 563
517 520
517 524
517 525
517 526
517 527
517 536
517 537
517 538
517 544
517 545
517 553
517 556
517 559
517 561
517 566
517 580
517 601
517 606
517 637
517 651
517 905
517 936
517 976
518 551
518 554
518 563
519 531
519 546
519 547
519 548
519 555
519 557
520 523
520 524
520 527
520 542
520 544
520 545
520 553
520 561
520 563
520 567
520 570
521 544
522 529
522 531
522 539
522 546
522 568
523 524
523 534
523 544
523 545
523 553
523 561
523 563
523 570
524 525
524 527
524 542
524 544
524 553
524 559
524 561
524 565
524 566
524 567
524 590
524 591
524 606
524 614
524 637
524 651
524 683
525 526
525 527
525 536
525 537
525 538
525 542
525 544
525 545
525 548
525 559
525 561
525 563
525 566
525 567
526 538
526 553
526 559
526 561
526 566
526 606
526 637
526 651
526 906
526 968
526 993
527 538
527 542
527 553
527 559
527 561
527 567
528 543
528 553
528 563
529 531
529 539
531 539
531 543
531 546
531 547
531 555
531 557
531 563
531 568
531 570
532 572
534 563
536 538
536 545
536 561
537 538
537 545
537 559
537 560
537 561
537 566
537 567
537 569
538 542
538 545
538 559
538 560
538 561
538 566
538 580
538 606
538 637
538 651
538 948
539 560
539 568
540 559
540 560
541 563
541 568
542 553
542 556
542 559
542 560
542 561
542 567
542 580
542 591
542 606
542 683
543 545
543 546
543 558
543 563
543 570
544 545
544 553
544 556
544 557
544 559
544 561
544 563
544 566
544 570
544 580
544 604
544 645
544 669
544 676
544 683
545 553
545 558
545 559
545 561
545 563
545 566
545 570
546 547
546 555
546 557
546 563
547 548
547 555
547 557
548 555
548 556
549 563
551 554
553 555
553 556
553 558
553 559
553 560
553 561
553 565
553 566
553 567
553 569
553 570
553 591
553 609
553 614
553 620
553 634
553 644
553 645
553 666
553 669
553 683
554 563
555 557
556 559
556 563
556 614
556 652
556 673
556 676
556 683
557 570
558 570
558 604
559 561
559 566
559 567
559 580
559 591
559 604
559 606
559 614
559 637
559 651
559 669
559 676
559 683
560 561
560 565
561 565
561 566
561 567
561 580
561 591
561 604
561 606
561 651
561 669
561 683
563 566
563 567
563 569
563 594
563 604
563 634
563 645
566 567
566 580
566 591
566 593
566 637
566 651
566 676
566 936
566 968
567 580
567 590
567 591
567 604
567 610
567 645
567 646
567 651
567 683
573 575
573 579
573 588
573 589
573 592
573 597
573 598
573 603
573 605
573 609
573 611
573 617
573 618
573 619
573 622
573 623
573 625
573 626
573 630
573 633
573 636
573 644
573 653
573 654
573 664
573 666
573 672
573 677
573 680
573 684
573 685
574 579
574 584
574 596
574 616
574 621
574 630
574 631
574 663
574 678
575 579
575 589
575 592
575 612
575 617
575 630
575 654
575 664
575 680
575 685
576 578
576 583
576 600
576 615
576 627
576 640
576 643
576 650
576 658
576 659
576 661
576 675
576 681
577 578
577 582
577 583
577 595
577 599
577 600
577 615
577 627
577 632
577 635
577 640
577 643
577 647
577 650
577 658
577 659
577 661
577 662
577 670
577 675
577 681
578 582
578 583
578 595
578 599
578 600
578 615
578 627
578 632
578 635
578 640
578 643
578 647
578 650
578 658
578 659
578 661
578 662
578 665
578 670
578 675
578 681
579 588
579 589
579 590
579 592
579 597
579 598
579 603
579 605
579 609
579 611
579 612
579 616
579 617
579 619
579 620
579 621
579 622
579 623
579 625
579 626
579 630
579 633
579 636
579 639
579 644
579 653
579 654
579 663
579 664
579 666
579 677
579 680
579 684
579 685
580 591
580 601
580 606
580 637
580 641
580 656
580 930
580 931
580 936
580 976
581 642
582 583
582 595
582 599
582 600
582 615
582 627
582 632
582 635
582 640
582 643
582 650
582 658
582 659
582 661
582 662
582 670
582 675
582 681
583 595
583 599
583 600
583 615
583 627
583 628
583 632
583 635
583 640
583 643
583 647
583 650
583 658
583 659
583 661
583 662
583 665
583 670
583 675
583 681
584 592
584 596
584 616
584 618
584 630
584 631
584 637
584 639
584 660
584 678
584 679
584 682
586 587
586 634
586 645
586 646
587 591
587 634
587 645
587 646
587 651
588 592
588 617
588 618
588 619
588 633
588 644
588 653
588 654
588 678
588 682
588 685
589 592
589 596
589 597
589 603
589 605
589 609
589 611
589 617
589 620
589 622
589 623
589 625
589 636
589 654
589 664
589 677
589 684
590 591
590 609
590 612
590 617
590 623
590 633
590 644
590 680
591 604
591 606
591 634
591 637
591 641
591 645
591 646
591 651
591 669
591 683
592 597
592 598
592 603
592 605
592 609
592 611
592 612
592 616
592 617
592 618
592 619
592 620
592 621
592 622
592 623
592 625
592 626
592 630
592 633
592 636
592 644
592 653
592 654
592 655
592 664
592 666
592 672
592 677
592 678
592 680
592 682
592 684
592 685
594 667
595 600
595 615
595 627
595 635
595 640
595 643
595 650
595 658
595 659
595 661
595 662
595 670
595 675
595 681
596 604
596 609
596 616
596 618
596 620
596 630
596 639
596 653
596 655
596 663
596 677
596 678
596 917
597 603
597 609
597 611
597 618
597 619
597 623
597 625
597 630
597 633
597 636
597 644
597 653
597 654
597 677
597 680
597 684
598 605
598 609
598 618
598 619
598 625
598 630
598 636
598 653
598 654
598 677
598 680
598 684
599 600
599 615
599 627
599 628
599 632
599 635
599 640
599 643
599 647
599 650
599 658
599 659
599 661
599 662
599 665
599 670
599 675
599 681
600 615
600 627
600 628
600 632
600 635
600 640
600 643
600 650
600 658
600 659
600 661
600 662
600 665
600 670
600 675
600 681
601 609
601 629
601 630
601 637
601 644
601 976
603 605
603 609
603 611
603 612
603 619
603 623
603 625
603 644
603 654
603 677
603 680
603 684
604 606
604 637
604 645
604 651
604 669
604 671
604 676
605 609
605 617
605 619
605 626
605 630
605 644
605 653
605 654
605 677
605 678
605 680
606 614
606 641
606 645
606 669
606 905
606 915
606 917
606 936
606 963
606 968
609 612
609 617
609 619
609 620
609 623
609 626
609 630
609 636
609 644
609 653
609 654
609 664
609 666
609 680
611 618
611 625
611 636
611 653
611 654
611 664
611 677
611 680
611 684
612 617
612 619
612 630
612 636
612 654
612 664
612 678
612 680
614 637
614 645
614 669
614 676
614 683
615 627
615 628
615 632
615 635
615 640
615 643
615 647
615 658
615 659
615 661
615 662
615 665
615 670
615 675
615 681
616 618
616 621
616 622
616 623
616 625
616 630
616 631
616 639
616 657
616 660
616 663
616 678
616 684
617 619
617 620
617 625
617 626
617 630
617 644
617 648
617 654
617 664
617 666
617 677
617 680
617 685
618 619
618 630
618 631
618 633
618 636
618 653
618 666
618 678
618 679
618 680
618 682
618 684
618 685
619 623
619 625
619 630
619 633
619 636
619 644
619 653
619 654
619 677
619 678
619 684
619 685
620 630
620 636
620 644
620 653
620 654
620 666
620 672
620 678
621 622
621 663
622 623
622 625
622 639
622 663
622 678
622 684
623 625
623 636
623 654
623 677
623 684
625 630
625 633
625 644
625 653
625 654
625 677
625 684
626 630
626 644
626 654
626 657
626 664
626 677
626 680
627 632
627 635
627 640
627 643
627 647
627 650
627 658
627 659
627 661
627 662
627 665
627 670
627 675
627 681
628 632
628 643
628 647
628 661
628 662
628 665
628 681
629 630
629 637
629 641
630 631
630 636
630 641
630 644
630 653
630 655
630 657
630 663
630 664
630 666
630 672
630 678
630 682
630 684
630 685
631 639
631 678
631 679
631 682
632 635
632 640
632 643
632 647
632 650
632 658
632 659
632 661
632 662
632 665
632 670
632 675
633 636
633 644
633 653
633 666
633 680
634 645
634 646
634 647
634 651
635 640
635 643
635 650
635 658
635 659
635 661
635 662
635 670
635 675
635 681
636 644
636 653
636 666
636 677
636 678
636 680
636 684
636 685
637 639
637 641
637 645
637 669
637 678
637 679
637 896
637 936
637 957
637 968
639 678
639 682
640 643
640 647
640 650
640 658
640 659
640 661
640 662
640 670
640 675
640 681
641 651
641 915
641 930
641 962
643 650
643 658
643 659
643 661
643 662
643 665
643 670
643 675
643 681
644 654
644 664
644 666
644 680
645 646
645 651
645 669
645 671
645 683
646 651
647 650
647 658
647 659
647 662
647 665
647 670
647 675
647 681
650 658
650 659
650 661
650 662
650 665
650 670
650 681
651 683
651 905
651 936
653 654
653 664
653 666
653 672
653 677
653 678
653 680
653 685
654 664
654 666
654 672
654 677
654 678
654 680
654 683
654 684
654 685
655 657
657 682
658 659
658 661
658 662
658 665
658 670
658 675
658 681
659 661
659 662
659 665
659 670
659 675
659 681
661 662
661 665
661 670
661 675
661 681
662 665
662 670
662 675
662 681
664 666
664 685
665 670
665 675
666 680
669 671
670 675
670 681
672 678
675 681
676 683
677 680
677 682
677 684
678 679
678 682
678 685
679 682
680 684
680 685
686 687
686 688
686 689
686 690
686 691
686 692
686 693
686 694
686 695
686 696
686 697
686 698
686 699
686 700
686 701
686 702
686 703
686 704
686 705
686 706
686 707
686 708
686 709
686 710
686 711
686 712
686 713
686 714
686 715
686 716
686 717
686 718
686 719
686 720
686 721
686 722
686 723
686 724
686 725
686 726
686 727
686 728
686 729
686 730
686 731
686 732
686 733
686 734
686 735
686 736
686 737
686 738
686 739
686 740
686 741
686 742
686 743
686 744
686 745
686 746
686 747
686 748
686 749
686 750
686 751
686 752
686 753
686 754
686 755
686 756
686 757
686 758
686 759
686 760
686 761
686 762
686 763
686 764
686 765
686 766
686 767
686 768
686 769
686 770
686 771
686 772
686 773
686 774
686 775
686 776
686 777
686 778
686 779
686 780
686 781
686 782
686 783
686 784
686 785
686 786
686 787
686 788
686 789
686 790
686 791
686 792
686 793
686 794
686 795
686 796
686 797
686 798
686 799
686 800
686 801
686 802
686 803
686 804
686 805
686 806
686 807
686 808
686 809
686 810
686 811
686 812
686 813
686 814
686 815
686 816
686 817
686 818
686 819
686 820
686 821
686 822
686 823
686 824
686 825
686 826
686 827
686 828
686 829
686 830
686 831
686 832
686 833
686 834
686 835
686 836
686 837
686 838
686 839
686 840
686 841
686 842
686 843
686 844
686 845
686 846
686 847
686 848
686 849
686 850
686 851
686 852
686 853
686 854
686 855
686 856
687 688
687 697
687 703
687 718
687 728
687 730
687 739
687 747
687 759
687 764
687 765
687 774
687 777
687 779
687 780
687 783
687 797
687 805
687 807
687 817
687 819
687 820
687 823
687 828
687 830
687 838
687 856
688 694
688 695
688 696
688 697
688 701
688 713
688 719
688 723
688 724
688 726
688 727
688 734
688 739
688 740
688 747
688 751
688 752
688 754
688 756
688 766
688 770
688 771
688 772
688 774
688 777
688 780
688 792
688 800
688 805
688 815
688 819
688 821
688 823
688 824
688 828
688 830
688 834
688 840
688 845
688 847
688 849
688 853
688 856
689 702
689 712
689 714
689 732
689 771
689 789
689 839
690 694
690 713
690 731
690 773
690 784
690 820
690 831
690 853
691 746
691 771
691 782
691 822
691 833
693 695
693 697
693 705
693 713
693 726
693 734
693 778
693 823
693 824
693 828
693 834
693 837
693 844
694 695
694 696
694 697
694 703
694 705
694 706
694 710
694 711
694 713
694 719
694 722
694 724
694 726
694 727
694 731
694 737
694 738
694 745
694 752
694 754
694 756
694 760
694 766
694 772
694 773
694 774
694 780
694 781
694 784
694 795
694 798
694 800
694 805
694 810
694 812
694 815
694 820
694 821
694 823
694 824
694 827
694 828
694 829
694 830
694 831
694 834
694 842
694 845
694 847
694 848
694 853
695 696
695 697
695 700
695 701
695 706
695 711
695 713
695 718
695 719
695 724
695 726
695 734
695 738
695 745
695 751
695 752
695 754
695 760
695 766
695 777
695 778
695 780
695 781
695 784
695 794
695 805
695 810
695 815
695 824
695 829
695 830
695 834
695 840
695 842
695 844
695 847
695 853
696 697
696 711
696 713
696 719
696 724
696 727
696 738
696 739
696 745
696 747
696 773
696 774
696 778
696 780
696 784
696 795
696 805
696 823
696 824
696 828
696 829
696 830
696 834
696 840
696 842
696 845
696 853
697 698
697 701
697 705
697 708
697 709
697 713
697 719
697 721
697 724
697 726
697 727
697 731
697 745
697 747
697 748
697 753
697 754
697 760
697 765
697 766
697 769
697 772
697 777
697 780
697 781
697 800
697 805
697 815
697 818
697 819
697 820
697 823
697 824
697 827
697 828
697 830
697 834
697 835
697 840
697 842
697 844
697 848
697 849
697 856
697 890
698 703
698 708
698 713
698 719
698 729
698 745
698 747
698 753
698 769
698 772
698 774
698 776
698 798
698 800
698 803
698 804
698 805
698 810
698 811
698 819
698 823
698 825
698 828
698 830
698 840
698 856
698 857
698 858
698 859
698 860
698 861
698 862
698 863
698 864
698 865
698 866
698 867
698 868
698 869
698 870
698 871
698 872
698 873
698 874
698 875
698 876
698 877
698 878
698 879
698 880
698 881
698 882
698 883
698 884
698 885
698 886
698 887
698 888
698 889
698 890
698 891
698 892
698 893
698 894
698 895
699 833
700 745
700 784
700 794
700 795
700 815
701 713
701 724
701 726
701 747
701 754
701 760
701 774
701 777
701 778
701 780
701 781
701 794
701 821
701 830
701 834
701 842
701 845
702 714
702 725
702 732
702 789
702 822
702 839
703 705
703 709
703 718
703 719
703 728
703 730
703 739
703 741
703 747
703 748
703 754
703 758
703 759
703 764
703 765
703 779
703 781
703 787
703 792
703 793
703 797
703 805
703 807
703 809
703 815
703 817
703 819
703 820
703 823
703 824
703 827
703 828
703 831
703 835
703 838
703 843
703 845
703 856
703 880
704 770
704 777
704 799
704 848
705 706
705 713
705 715
705 718
705 719
705 720
705 722
705 724
705 726
705 728
705 731
705 737
705 738
705 739
705 741
705 745
705 747
705 748
705 752
705 754
705 755
705 758
705 759
705 760
705 761
705 762
705 763
705 764
705 770
705 772
705 773
705 778
705 780
705 781
705 784
705 787
705 799
705 800
705 803
705 805
705 807
705 808
705 809
705 810
705 814
705 819
705 820
705 823
705 824
705 827
705 828
705 829
705 830
705 831
705 834
705 835
705 836
705 842
705 843
705 844
705 845
705 847
705 849
705 853
706 713
706 719
706 731
706 745
706 752
706 773
706 784
706 805
706 810
706 815
706 828
706 834
706 847
706 853
707 712
707 714
707 736
707 742
707 746
707 767
707 768
707 816
707 833
708 713
708 719
708 724
708 730
708 747
708 753
708 755
708 760
708 769
708 774
708 781
708 797
708 800
708 811
708 814
708 819
708 823
708 824
708 827
708 828
708 830
708 840
708 849
708 856
708 869
708 890
709 739
709 754
709 777
709 805
709 819
709 823
709 824
709 828
709 830
709 835
709 838
709 840
709 843
709 848
710 711
710 803
710 805
710 810
710 847
710 853
711 722
711 724
711 727
711 738
711 745
711 752
711 766
711 784
711 795
711 810
711 828
711 829
711 842
711 847
711 853
712 714
712 736
712 742
712 767
712 768
712 782
712 789
712 816
712 822
712 839
713 719
713 721
713 722
713 724
713 726
713 731
713 734
713 736
713 738
713 742
713 745
713 746
713 747
713 748
713 751
713 752
713 760
713 762
713 766
713 772
713 773
713 774
713 777
713 778
713 780
713 781
713 782
713 784
713 787
713 794
713 800
713 805
713 810
713 813
713 814
713 815
713 816
713 817
713 818
713 819
713 823
713 824
713 827
713 828
713 829
713 830
713 831
713 833
713 834
713 840
713 842
713 844
713 845
713 847
713 848
713 850
713 851
713 853
714 725
714 732
714 767
714 771
714 789
714 806
714 818
714 822
714 839
715 738
715 745
715 781
715 805
715 814
715 827
715 834
715 842
716 718
716 728
716 741
716 747
716 763
716 770
716 795
716 797
716 799
716 820
716 849
717 798
717 852
717 855
718 719
718 720
718 730
718 745
718 747
718 748
718 758
718 762
718 764
718 770
718 781
718 787
718 793
718 797
718 803
718 805
718 809
718 814
718 815
718 817
718 823
718 827
718 828
718 834
719 720
719 722
719 724
719 726
719 727
719 728
719 731
719 733
719 734
719 737
719 745
719 747
719 752
719 755
719 756
719 759
719 760
719 762
719 764
719 766
719 768
719 772
719 773
719 774
719 781
719 784
719 787
719 794
719 799
719 800
719 805
719 810
719 814
719 815
719 817
719 819
719 820
719 823
719 824
719 827
719 828
719 829
719 830
719 834
719 840
719 842
719 845
719 847
719 848
719 849
719 853
720 730
720 739
720 745
720 755
720 764
720 774
720 781
720 787
720 790
720 793
720 803
720 808
720 809
720 832
721 736
721 848
722 737
722 738
722 745
722 768
722 784
722 820
722 829
722 853
723 727
723 734
723 745
723 766
723 770
723 824
723 826
723 828
723 830
723 849
724 726
724 731
724 734
724 736
724 738
724 742
724 745
724 752
724 754
724 760
724 766
724 773
724 777
724 778
724 781
724 784
724 786
724 794
724 795
724 805
724 814
724 819
724 820
724 821
724 823
724 824
724 826
724 827
724 828
724 829
724 830
724 834
724 842
724 848
724 853
725 732
725 771
725 806
725 818
725 839
726 731
726 745
726 751
726 752
726 754
726 760
726 766
726 773
726 778
726 780
726 781
726 784
726 805
726 812
726 815
726 820
726 821
726 823
726 824
726 828
726 830
726 834
726 844
726 845
726 853
727 752
727 756
727 766
727 770
727 784
727 800
727 805
727 824
727 828
727 830
727 842
727 845
727 846
727 847
727 848
727 849
727 853
727 854
728 730
728 737
728 739
728 741
728 747
728 754
728 759
728 764
728 765
728 773
728 774
728 779
728 780
728 781
728 783
728 787
728 792
728 797
728 803
728 805
728 807
728 809
728 817
728 819
728 820
728 823
728 824
728 828
728 835
728 838
728 843
728 856
729 753
729 804
729 856
729 861
729 863
729 876
729 878
729 882
729 886
729 888
729 889
730 747
730 763
730 764
730 783
730 787
730 797
730 803
730 849
731 745
731 752
731 766
731 773
731 774
731 781
731 784
731 805
731 810
731 815
731 827
731 828
731 830
731 834
731 847
731 853
732 771
732 788
732 789
732 791
732 802
732 806
732 818
732 822
732 839
733 768
733 782
733 786
733 795
733 829
733 839
734 756
734 760
734 766
734 770
734 778
734 784
734 785
734 803
734 805
734 829
734 842
734 846
734 847
734 849
734 853
735 769
735 800
735 819
735 856
736 742
736 746
736 782
736 788
736 816
736 818
736 833
736 850
737 745
737 773
737 805
737 815
737 820
737 824
737 828
737 830
737 837
737 843
738 745
738 751
738 752
738 760
738 774
738 781
738 784
738 794
738 795
738 805
738 813
738 826
738 829
738 842
738 853
739 740
739 747
739 754
739 757
739 758
739 764
739 774
739 777
739 780
739 787
739 792
739 793
739 797
739 805
739 807
739 819
739 823
739 824
739 828
739 840
740 748
740 770
740 817
740 831
740 841
741 747
741 763
741 770
741 781
741 800
741 807
741 820
741 823
741 827
741 828
741 835
741 836
742 746
742 759
742 768
742 786
742 789
742 829
743 782
743 833
744 848
745 747
745 751
745 752
745 755
745 758
745 760
745 762
745 773
745 774
745 781
745 784
745 787
745 790
745 794
745 795
745 799
745 800
745 805
745 810
745 813
745 814
745 815
745 817
745 820
745 823
745 824
745 827
745 828
745 829
745 830
745 834
745 842
745 845
745 847
745 853
746 782
746 816
746 833
747 748
747 752
747 753
747 754
747 758
747 763
747 764
747 765
747 769
747 770
747 773
747 774
747 780
747 783
747 792
747 793
747 797
747 800
747 803
747 804
747 805
747 807
747 809
747 810
747 815
747 819
747 820
747 823
747 828
747 830
747 831
747 837
747 838
747 840
747 848
747 849
747 856
747 880
748 758
748 764
748 770
748 779
748 787
748 793
748 797
748 817
748 830
748 831
748 849
749 757
750 770
751 784
751 795
751 828
751 830
751 842
752 759
752 766
752 773
752 774
752 781
752 784
752 800
752 805
752 810
752 815
752 820
752 823
752 824
752 827
752 828
752 829
752 830
752 831
752 834
752 842
752 847
752 853
753 769
753 819
753 823
753 856
753 861
753 889
753 890
754 773
754 777
754 779
754 780
754 792
754 805
754 815
754 821
754 823
754 824
754 828
754 830
754 835
754 838
754 840
754 848
755 758
755 781
755 783
755 787
755 793
755 797
755 808
755 809
755 814
755 827
755 836
755 845
755 849
756 805
756 826
756 827
756 847
757 775
758 781
758 783
758 787
758 793
758 808
758 809
758 814
758 817
758 827
758 836
758 849
759 766
759 828
760 766
760 781
760 784
760 794
760 800
760 805
760 814
760 820
760 823
760 824
760 827
760 828
760 829
760 830
760 834
760 842
761 772
761 800
761 805
761 827
761 842
761 848
762 781
762 799
762 805
762 810
762 814
762 827
762 842
763 770
763 787
763 797
763 803
763 804
763 820
763 836
763 849
764 779
764 781
764 783
764 787
764 793
764 797
764 805
764 807
764 809
764 817
764 823
764 824
764 827
764 828
764 838
764 843
765 779
765 780
765 792
765 807
765 823
765 835
765 843
765 856
766 771
766 780
766 784
766 800
766 805
766 810
766 815
766 820
766 823
766 824
766 826
766 827
766 828
766 830
766 834
766 847
766 849
766 853
767 768
767 796
767 822
767 839
768 786
768 789
768 816
768 822
768 833
768 839
769 774
769 798
769 800
769 811
769 828
769 856
769 869
769 890
770 772
770 777
770 781
770 783
770 797
770 799
770 803
770 820
770 824
770 828
770 845
770 849
771 789
771 791
771 802
771 806
771 818
771 839
771 850
772 781
772 800
772 805
772 814
772 827
772 828
772 845
772 856
773 774
773 780
773 781
773 784
773 810
773 815
773 820
773 821
773 823
773 824
773 827
773 828
773 829
773 831
773 834
773 836
773 842
773 847
773 853
774 784
774 800
774 805
774 807
774 810
774 811
774 819
774 820
774 823
774 824
774 828
774 830
774 840
774 843
774 853
774 856
774 869
776 867
776 872
776 873
776 874
776 877
776 885
776 887
777 779
777 780
777 824
777 829
777 830
778 812
778 819
778 828
778 830
778 834
778 844
779 780
779 792
779 807
779 823
779 824
779 828
779 835
779 838
779 840
780 792
780 803
780 805
780 815
780 819
780 823
780 824
780 828
780 830
780 834
780 835
780 838
780 840
780 845
781 783
781 784
781 787
781 793
781 794
781 800
781 805
781 809
781 810
781 814
781 815
781 817
781 823
781 824
781 827
781 828
781 829
781 830
781 834
781 836
781 842
781 849
781 853
782 786
782 804
782 813
782 829
782 833
783 787
783 793
783 797
783 809
783 817
783 820
783 827
783 849
784 794
784 795
784 800
784 810
784 813
784 824
784 826
784 827
784 828
784 829
784 834
784 842
784 853
784 854
785 846
786 813
786 829
786 833
787 793
787 797
787 803
787 808
787 809
787 814
787 817
787 823
787 827
787 836
787 849
788 806
789 806
789 818
789 833
789 839
790 832
791 796
791 806
791 818
791 822
792 803
792 805
792 807
792 815
792 819
792 823
792 824
792 828
792 830
792 835
792 837
792 838
792 850
793 797
793 808
793 809
793 817
793 836
793 849
793 850
794 795
794 842
795 813
795 820
795 829
795 842
795 853
796 806
796 818
796 822
796 829
797 808
797 809
797 817
797 820
797 827
797 828
797 831
797 849
798 852
798 855
799 813
799 814
799 835
799 845
800 805
800 810
800 811
800 814
800 823
800 827
800 828
800 830
800 834
800 842
800 845
800 851
800 853
800 856
802 806
802 818
803 820
803 832
803 837
803 840
803 880
804 849
804 856
804 861
804 863
804 876
804 878
804 882
804 886
804 888
804 889
805 807
805 810
805 814
805 815
805 817
805 818
805 819
805 823
805 824
805 827
805 828
805 829
805 830
805 831
805 834
805 837
805 838
805 840
805 842
805 843
805 844
805 847
805 853
805 880
806 818
806 822
806 833
806 839
806 850
807 819
807 823
807 828
807 838
807 843
807 856
808 809
809 817
809 827
810 814
810 815
810 823
810 827
810 828
810 834
810 842
810 847
810 853
810 856
811 856
811 869
811 890
812 815
812 824
812 828
812 837
813 833
814 827
814 828
814 829
814 834
814 842
814 853
815 819
815 823
815 824
815 828
815 830
815 834
815 835
815 837
815 838
815 845
815 847
815 853
815 856
816 833
816 850
817 819
817 827
817 828
817 830
817 850
818 822
818 839
819 823
819 824
819 827
819 828
819 830
819 834
819 835
819 838
819 840
819 848
819 856
819 880
820 823
820 824
820 828
820 830
820 831
820 834
820 845
820 848
820 849
820 853
821 836
822 829
822 839
822 850
823 824
823 827
823 828
823 830
823 834
823 835
823 838
823 840
823 843
823 848
823 853
823 856
823 880
824 826
824 827
824 828
824 829
824 830
824 834
824 835
824 837
824 838
824 840
824 842
824 843
824 844
824 847
824 848
824 849
824 853
825 856
825 864
825 884
825 889
826 828
826 830
826 842
827 828
827 830
827 834
827 842
827 849
827 853
828 829
828 830
828 834
828 835
828 837
828 838
828 840
828 842
828 844
828 845
828 846
828 847
828 848
828 849
828 851
828 853
828 856
828 880
829 834
829 842
829 847
829 853
830 834
830 838
830 840
830 844
830 845
830 846
830 847
830 849
830 853
830 856
831 853
834 842
834 844
834 847
834 853
835 837
835 838
836 853
837 840
838 840
838 856
840 848
840 856
842 853
844 848
845 849
847 853
852 855
856 861
856 863
856 864
856 869
856 876
856 878
856 882
856 888
856 889
856 893
857 862
857 865
857 868
857 871
858 870
858 871
858 881
858 895
859 885
861 863
861 876
861 878
861 888
861 889
862 865
862 868
863 876
863 878
863 882
863 886
863 888
863 889
864 884
864 893
865 868
866 879
866 881
866 894
866 895
867 872
867 873
867 874
867 877
867 885
867 887
869 890
870 871
870 879
870 881
870 894
870 895
871 879
871 881
871 895
872 873
872 874
872 885
872 887
873 874
873 885
874 885
874 887
876 878
876 882
876 886
876 888
876 889
877 885
878 886
878 888
878 889
879 881
879 894
881 895
882 886
882 889
884 893
885 887
886 889
888 889
896 902
896 954
896 957
896 975
896 981
896 984
896 988
896 989
896 994
897 922
897 927
897 947
897 953
897 967
897 991
897 995
898 917
898 919
898 942
898 969
898 971
900 908
900 919
901 903
901 938
901 958
901 963
901 992
902 957
902 975
902 981
903 917
903 963
903 992
906 925
906 966
907 948
907 980
908 950
909 955
910 912
913 914
913 968
914 915
915 930
915 948
915 962
916 925
916 946
916 947
916 952
916 960
916 966
916 967
916 972
916 978
916 982
916 983
916 993
916 999
917 919
917 933
917 938
917 942
917 944
917 954
917 957
917 964
917 965
917 969
917 984
917 992
919 942
920 921
921 925
921 927
921 934
921 952
921 967
921 980
921 993
921 995
922 946
922 991
923 961
924 940
924 954
924 974
925 927
925 946
925 967
925 978
925 980
925 993
925 999
926 946
926 960
926 997
927 946
927 947
927 967
927 980
927 993
930 948
930 962
930 976
931 939
932 953
932 980
932 982
932 995
932 997
933 941
933 942
933 971
934 952
934 980
934 993
938 992
941 942
941 945
941 954
941 969
941 971
941 984
942 954
942 969
942 971
942 984
944 965
944 977
946 947
946 952
946 960
946 966
946 967
946 968
946 991
946 993
947 978
947 993
947 999
951 973
952 967
952 993
953 978
953 993
953 995
953 997
954 969
954 971
954 984
956 979
957 975
957 981
959 960
959 972
959 983
960 966
960 972
960 982
960 997
960 998
963 992
965 986
966 978
966 982
966 983
966 999
967 980
967 993
968 999
971 984
972 983
973 990
975 981
975 988
977 986
978 980
978 993
980 993
980 995
981 988
982 983
982 998
995 997
